image: map_20190729.pgm
resolution: 0.050000
origin: [-62.317670, -44.280539, 0.000000]
negate: 0
occupied_thresh: 0.65
free_thresh: 0.196

